100
14 18 17 10 9 20 4 13 19 19 8 15 15 17 6 5 15 12 18 2 18 7 20 8 2 8 11 2 16 2 12 9 3 6 9 9 13 7 4 6 19 7 2 4 3 4 14 3 4 9 17 9 4 20 10 16 12 1 16 4 15 15 9 13 6 3 8 4 7 14 16 18 20 11 20 14 20 12 15 4 5 10 10 20 11 18 5 20 13 4 18 1 14 3 20 19 14 2 5 13

answer
15


valid subarray:
20 19 19 20 19 20 20 20 20 20 20 20 19
sie == 13


subarrays with size == 15:
10 9 8 8 8 9 9 9 9 9 10 9 8 10 10 
14 13 12 12 13 14 12 13 14 14 12 13 14 14 13 
9 8 7 8 8 9 9 9 7 7 9 9 9 8 7 
9 8 7 8 8 9 9 9 7 7 9 9 9 8 7 
9 8 7 8 8 9 9 9 7 7 9 9 9 8 7 
10 9 8 8 8 9 9 9 9 9 10 9 8 10 10 
10 9 8 8 8 9 9 9 9 9 10 9 8 10 10 
10 9 8 8 8 9 9 9 9 9 10 9 8 10 10 
14 13 12 12 13 14 12 13 14 14 12 13 14 14 13 
10 9 8 8 8 9 9 9 9 9 10 9 8 10 10 
10 9 8 8 8 9 9 9 9 9 10 9 8 10 10 
10 9 8 8 8 9 9 9 9 9 10 9 8 10 10 
14 13 12 12 13 14 12 13 14 14 12 13 14 14 13 
9 8 7 8 8 9 9 9 7 7 9 9 9 8 7 
14 13 12 12 13 14 12 13 14 14 12 13 14 14 13 
14 13 12 12 13 14 12 13 14 14 12 13 14 14 13 

all created subarrays:
14 13 15 15 15 13 14 15 15 13 14 14 15 13 14 14 13 
18 17 19 19 17 18 18 19 17 18 18 18 19 
18 17 17 18 18 16 17 16 16 16 18 18 18 
10 9 11 9 9 9 9 9 10 9 11 10 10 11 
10 9 8 8 8 9 9 9 9 9 10 9 8 10 10 
20 19 19 20 19 20 20 20 20 20 20 20 19 
4 5 3 4 4 3 4 3 4 4 4 3 4 4 5 5 4 3 5 
14 13 12 12 13 14 12 13 14 14 12 13 14 14 13 
18 20 19 19 18 18 20 19 20 18 20 20 20 20 18 20 18 20 19 
18 20 19 19 18 18 20 19 20 18 20 20 20 20 18 20 18 20 19 
9 8 7 8 8 9 9 9 7 7 9 9 9 8 7 
14 15 15 15 16 14 16 16 15 15 14 16 14 15 14 14 
14 15 15 15 16 14 16 16 15 15 14 16 14 15 14 14 
18 17 17 18 18 16 17 16 16 16 18 18 18 
6 5 7 6 7 6 7 6 7 5 5 5 
4 6 5 6 4 6 4 4 4 4 4 6 4 4 5 5 4 5 
14 15 15 15 16 14 16 16 15 15 14 16 14 15 14 14 
13 12 11 12 13 12 13 11 12 11 13 13 
18 17 19 19 17 18 18 19 17 18 18 18 19 
2 2 2 2 3 2 3 3 1 3 1 3 2 
18 17 19 19 17 18 18 19 17 18 18 18 19 
8 6 7 8 8 6 7 6 7 6 8 7 
20 19 19 20 19 20 20 20 20 20 20 20 19 
9 8 7 8 8 9 9 9 7 7 9 9 9 8 7 
2 2 2 2 3 2 3 3 1 3 1 3 2 
9 8 7 8 8 9 9 9 7 7 9 9 9 8 7 
10 12 11 12 10 12 11 12 10 10 11 
2 2 2 2 3 2 3 3 1 3 1 3 2 
17 15 15 17 15 16 17 16 16 15 15 16 15 
2 2 2 2 3 2 3 3 1 3 1 3 2 
13 12 11 12 13 12 13 11 12 11 13 13 
10 9 8 8 8 9 9 9 9 9 10 9 8 10 10 
4 2 2 2 2 3 4 2 4 3 4 3 4 4 4 3 4 4 4 3 2 
6 5 7 6 7 6 7 6 7 5 5 5 
10 9 8 8 8 9 9 9 9 9 10 9 8 10 10 
10 9 8 8 8 9 9 9 9 9 10 9 8 10 10 
14 13 12 12 13 14 12 13 14 14 12 13 14 14 13 
8 6 7 8 8 6 7 6 7 6 8 7 
4 5 3 4 4 3 4 3 4 4 4 3 4 4 5 5 4 3 5 
6 5 7 6 7 6 7 6 7 5 5 5 
18 20 19 19 18 18 20 19 20 18 20 20 20 20 18 20 18 20 19 
8 6 7 8 8 6 7 6 7 6 8 7 
2 2 2 2 3 2 3 3 1 3 1 3 2 
4 5 3 4 4 3 4 3 4 4 4 3 4 4 5 5 4 3 5 
4 2 2 2 2 3 4 2 4 3 4 3 4 4 4 3 4 4 4 3 2 
4 5 3 4 4 3 4 3 4 4 4 3 4 4 5 5 4 3 5 
14 13 15 15 15 13 14 15 15 13 14 14 15 13 14 14 13 
4 2 2 2 2 3 4 2 4 3 4 3 4 4 4 3 4 4 4 3 2 
4 5 3 4 4 3 4 3 4 4 4 3 4 4 5 5 4 3 5 
10 9 8 8 8 9 9 9 9 9 10 9 8 10 10 
18 17 17 18 18 16 17 16 16 16 18 18 18 
10 9 8 8 8 9 9 9 9 9 10 9 8 10 10 
4 5 3 4 4 3 4 3 4 4 4 3 4 4 5 5 4 3 5 
20 19 19 20 19 20 20 20 20 20 20 20 19 
10 9 11 9 9 9 9 9 10 9 11 10 10 11 
17 15 15 17 15 16 17 16 16 15 15 16 15 
13 12 11 12 13 12 13 11 12 11 13 13 
2 2 2 2 2 1 1 2 
17 15 15 17 15 16 17 16 16 15 15 16 15 
4 5 3 4 4 3 4 3 4 4 4 3 4 4 5 5 4 3 5 
14 15 15 15 16 14 16 16 15 15 14 16 14 15 14 14 
14 15 15 15 16 14 16 16 15 15 14 16 14 15 14 14 
10 9 8 8 8 9 9 9 9 9 10 9 8 10 10 
14 13 12 12 13 14 12 13 14 14 12 13 14 14 13 
6 5 7 6 7 6 7 6 7 5 5 5 
4 2 2 2 2 3 4 2 4 3 4 3 4 4 4 3 4 4 4 3 2 
9 8 7 8 8 9 9 9 7 7 9 9 9 8 7 
4 5 3 4 4 3 4 3 4 4 4 3 4 4 5 5 4 3 5 
8 6 7 8 8 6 7 6 7 6 8 7 
14 13 15 15 15 13 14 15 15 13 14 14 15 13 14 14 13 
17 15 15 17 15 16 17 16 16 15 15 16 15 
18 17 19 19 17 18 18 19 17 18 18 18 19 
20 19 19 20 19 20 20 20 20 20 20 20 19 
10 12 11 12 10 12 11 12 10 10 11 
20 19 19 20 19 20 20 20 20 20 20 20 19 
14 13 15 15 15 13 14 15 15 13 14 14 15 13 14 14 13 
20 19 19 20 19 20 20 20 20 20 20 20 19 
13 12 11 12 13 12 13 11 12 11 13 13 
14 15 15 15 16 14 16 16 15 15 14 16 14 15 14 14 
4 5 3 4 4 3 4 3 4 4 4 3 4 4 5 5 4 3 5 
4 6 5 6 4 6 4 4 4 4 4 6 4 4 5 5 4 5 
10 9 11 9 9 9 9 9 10 9 11 10 10 11 
10 9 11 9 9 9 9 9 10 9 11 10 10 11 
20 19 19 20 19 20 20 20 20 20 20 20 19 
10 12 11 12 10 12 11 12 10 10 11 
18 17 19 19 17 18 18 19 17 18 18 18 19 
4 6 5 6 4 6 4 4 4 4 4 6 4 4 5 5 4 5 
20 19 19 20 19 20 20 20 20 20 20 20 19 
14 13 12 12 13 14 12 13 14 14 12 13 14 14 13 
4 5 3 4 4 3 4 3 4 4 4 3 4 4 5 5 4 3 5 
18 17 19 19 17 18 18 19 17 18 18 18 19 
2 2 2 2 2 1 1 2 
14 13 15 15 15 13 14 15 15 13 14 14 15 13 14 14 13 
4 2 2 2 2 3 4 2 4 3 4 3 4 4 4 3 4 4 4 3 2 
20 19 19 20 19 20 20 20 20 20 20 20 19 
18 20 19 19 18 18 20 19 20 18 20 20 20 20 18 20 18 20 19 
14 13 15 15 15 13 14 15 15 13 14 14 15 13 14 14 13 
2 2 2 2 3 2 3 3 1 3 1 3 2 
4 6 5 6 4 6 4 4 4 4 4 6 4 4 5 5 4 5 
14 13 12 12 13 14 12 13 14 14 12 13 14 14 13 